 #         510           4
 #         300
   1.5000000000000000       -1010.0685761328269       0.13596565111997422        0.0000000000000000     
   1.4950000001117587       -953.90206626911061       0.11902519338963331        0.0000000000000000     
   1.4900000002235174       -1014.0418355049908        6.9749576048506512E-002   0.0000000000000000     
   1.4850000003352761       -1055.9053354968569        6.6851798549089708E-002   0.0000000000000000     
   1.4800000004470348       -1018.9905014923280        4.3106408397370136E-002   0.0000000000000000     
   1.4750000005587935       -1048.4730612989026        3.9805793417846742E-002   0.0000000000000000     
   1.4700000006705523       -1135.8176295586625       0.34252995245115625        0.0000000000000000     
   1.4650000007823110       -1105.9347361162081       0.20137753008935930        0.0000000000000000     
   1.4600000008940697       -1086.3353645575032        8.9600738372566741E-002   0.0000000000000000     
   1.4550000010058284       -1120.9326820022650        2.5329039384471935E-002   0.0000000000000000     
   1.4500000011175871       -1025.3174236814641        7.0082033275463251E-002   0.0000000000000000     
   1.4450000012293458       -1128.9913559344031        5.1815742481767693E-002   0.0000000000000000     
   1.4400000013411045       -1069.9523313897353       0.12322583802052950        0.0000000000000000     
   1.4350000014528632       -1003.8013550619897        5.3167730742205287E-002   0.0000000000000000     
   1.4300000015646219       -1060.9179873555352       0.11089617576315158        0.0000000000000000     
   1.4250000016763806       -1060.4961011122657        9.7528878168693739E-002   0.0000000000000000     
   1.4200000017881393       -1068.8032947938946        1.2998887930449649E-002   0.0000000000000000     
   1.4150000018998981       -1104.2120544010556        5.3060691660627164E-002   0.0000000000000000     
   1.4100000020116568       -1127.8249635549930        6.5244001826611941E-002   0.0000000000000000     
   1.4050000021234155       -1064.3261395172776       0.12594644905329333        0.0000000000000000     
   1.4000000022351742       -1082.0974371780471       0.17994397891074412        0.0000000000000000     
   1.3950000023469329       -1086.8898574100369        8.3598498792523665E-002   0.0000000000000000     
   1.3900000024586916       -1142.0759458674863        2.9746062089999071E-002   0.0000000000000000     
   1.3850000025704503       -1150.0220819141125        9.9393360956888610E-002   0.0000000000000000     
   1.3800000026822090       -1118.4568208058204        6.2511637521643529E-002   0.0000000000000000     
   1.3750000027939677       -1103.2118856839504        9.1356743329258278E-002   0.0000000000000000     
   1.3700000029057264       -1134.9203219509211       0.10531203051192867        0.0000000000000000     
   1.3650000030174851       -1164.7451294579441        8.8436161061663965E-002   0.0000000000000000     
   1.3600000031292439       -1104.7099707642624        4.0820006796650779E-002   0.0000000000000000     
   1.3550000032410026       -1066.6951833513619        3.5389092545237762E-002   0.0000000000000000     
   1.3500000033527613       -1154.1859593829925        3.1359392633408097E-002   0.0000000000000000     
   1.3450000034645200       -1142.2594706600003       0.20845151656083158        0.0000000000000000     
   1.3400000035762787       -1183.3137245626476       0.13732468883980933        0.0000000000000000     
   1.3350000036880374       -1184.3484212363703        4.7533121990763982E-002   0.0000000000000000     
   1.3300000037997961       -1183.4444544664798        5.6043214539230259E-002   0.0000000000000000     
   1.3250000039115548       -1135.4007191164014       0.14113302862885049        0.0000000000000000     
   1.3200000040233135       -1113.3356731572599        2.1175071759844906E-002   0.0000000000000000     
   1.3150000041350722       -1228.9100645697731        5.3972034698981729E-002   0.0000000000000000     
   1.3100000042468309       -1193.3571793433384       0.13848170755399070        0.0000000000000000     
   1.3050000043585896       -1258.7423870228845       0.10236528550881442        0.0000000000000000     
   1.3000000044703484       -1125.1539064275469       0.13052307167355845        0.0000000000000000     
   1.2950000045821071       -1181.1344369038884       0.22705236283390115        0.0000000000000000     
   1.2900000046938658       -1241.1601983412011       0.15080441819601231        0.0000000000000000     
   1.2850000048056245       -1170.2581765123941       0.10126923962951989        0.0000000000000000     
   1.2800000049173832       -1178.4305152796851        3.0972666609463073E-002   0.0000000000000000     
   1.2750000050291419       -1110.9347721079007       0.16466767199940294        0.0000000000000000     
   1.2700000051409006       -1243.7713661868531       0.20260948517556396        0.0000000000000000     
   1.2650000052526593       -1323.7080153156580        4.8663034324229089E-002   0.0000000000000000     
   1.2600000053644180       -1285.5512171553962        4.4801740250559413E-002   0.0000000000000000     
   1.2550000054761767       -1277.3804306727429       0.20765153900391628        0.0000000000000000     
   1.2500000055879354       -1235.5497779864459       0.16193000393626336        0.0000000000000000     
   1.2450000056996942       -1299.5392587802958        3.7046922983349453E-002   0.0000000000000000     
   1.2400000058114529       -1342.1826338100448       0.25062981140274587        0.0000000000000000     
   1.2350000059232116       -1340.6934819319995        7.5263365747444855E-002   0.0000000000000000     
   1.2300000060349703       -1261.6670064772220        2.2319428324054227E-002   0.0000000000000000     
   1.2250000061467290       -1377.4549226262257       0.18960517571686525        0.0000000000000000     
   1.2200000062584877       -1315.6958916651131        8.9939801761770563E-002   0.0000000000000000     
   1.2150000063702464       -1266.4491767316736        4.5916533108808118E-002   0.0000000000000000     
   1.2100000064820051       -1232.4794639441013        7.2061272187400813E-002   0.0000000000000000     
   1.2050000065937638       -1364.2453603009089        1.3947507174828606E-002   0.0000000000000000     
   1.2000000067055225       -1355.3064761787605        3.6031149003828443E-002   0.0000000000000000     
   1.1950000068172812       -1300.3127884616863       0.11196666829434926        0.0000000000000000     
   1.1900000069290400       -1314.8528736405733        2.6927564266673594E-002   0.0000000000000000     
   1.1850000070407987       -1276.5306888628224       0.11360046348736369        0.0000000000000000     
   1.1800000071525574       -1357.0255049807863       0.31374914072435223        0.0000000000000000     
   1.1750000072643161       -1408.1666270801372        2.4489006672692722E-002   0.0000000000000000     
   1.1700000073760748       -1300.1446630033795       0.20680183216963219        0.0000000000000000     
   1.1650000074878335       -1421.6957238285161       0.22093644890032674        0.0000000000000000     
   1.1600000075995922       -1449.4768274990950       0.12891898451023304        0.0000000000000000     
   1.1550000077113509       -1372.0872730112151        5.8280537031023448E-002   0.0000000000000000     
   1.1500000078231096       -1363.7005179054597       0.10488711670095938        0.0000000000000000     
   1.1450000079348683       -1344.2420362446574        6.3637886494764942E-002   0.0000000000000000     
   1.1400000080466270       -1385.2323512161922        9.0061989366643572E-002   0.0000000000000000     
   1.1350000081583858       -1437.0495763850201       0.15529421435899049        0.0000000000000000     
   1.1300000082701445       -1388.2730760024056        5.5909910038880926E-002   0.0000000000000000     
   1.1250000083819032       -1462.0577616661215        6.7088626214726957E-002   0.0000000000000000     
   1.1200000084936619       -1470.6979339248605       0.11302201259949585        0.0000000000000000     
   1.1150000086054206       -1400.8585483284692       0.18069960103742383        0.0000000000000000     
   1.1100000087171793       -1412.3338118749230       0.15939547626170597        0.0000000000000000     
   1.1050000088289380       -1381.9339790653012        4.6183095048296804E-002   0.0000000000000000     
   1.1000000089406967       -1407.9169529701192        1.3976232255286908E-002   0.0000000000000000     
   1.0950000090524554       -1403.3279775464746        3.4478832203589029E-002   0.0000000000000000     
   1.0900000091642141       -1455.2434889203159       0.14514717953541298        0.0000000000000000     
   1.0850000092759728       -1489.3073955813652        9.3110977892102820E-002   0.0000000000000000     
   1.0800000093877316       -1458.1594231192960        4.3779710701503140E-002   0.0000000000000000     
   1.0750000094994903       -1487.3769164973924       0.22481570967298348        0.0000000000000000     
   1.0700000096112490       -1498.8039144785271       0.17849459904225126        0.0000000000000000     
   1.0650000097230077       -1538.6190599283957        8.1072788681959523E-002   0.0000000000000000     
   1.0600000098347664       -1497.3856088716732        3.4279229195043205E-002   0.0000000000000000     
   1.0550000099465251       -1513.6637668766875       0.12555303246375218        0.0000000000000000     
   1.0500000100582838       -1517.3352600331591       0.23830788723321203        0.0000000000000000     
   1.0450000101700425       -1480.2933939836096        9.2162938794728338E-002   0.0000000000000000     
   1.0400000102818012       -1494.3242059832698        5.9546319771199958E-002   0.0000000000000000     
   1.0350000103935599       -1551.5709679137296       0.18037870839642708        0.0000000000000000     
   1.0300000105053186       -1494.7724865974155       0.10853601568016553        0.0000000000000000     
   1.0250000106170774       -1526.3124548773583        4.0814492548849154E-002   0.0000000000000000     
   1.0200000107288361       -1514.6213581671921       0.18344434769722084        0.0000000000000000     
   1.0150000108405948       -1498.0409878240398        9.5254941970786600E-002   0.0000000000000000     
   1.0100000109523535       -1575.1802353636422       0.19798367389405502        0.0000000000000000     
   1.0050000110641122       -1493.9307109449230        9.4332416171625300E-002   0.0000000000000000     
   1.0000000111758709       -1535.9156753379611       0.25890373522557331        0.0000000000000000     
  0.99500001128762960       -1649.7027328302040       0.30417108045218810        0.0000000000000000     
  0.99000001139938831       -1493.1227847995399       0.10771846255803835        0.0000000000000000     
  0.98500001151114702       -1619.5799744345363       0.44396949046539802        0.0000000000000000     
  0.98000001162290573       -1539.4333584472413       0.28672316280668531        0.0000000000000000     
  0.97500001173466444       -1594.6596542934033       0.34242130130834358        0.0000000000000000     
  0.97000001184642315       -1661.6791772303936       0.32431682284222940        0.0000000000000000     
  0.96500001195818186       -1570.6119958261195       0.31958826901587445        0.0000000000000000     
  0.96000001206994057       -1495.6204717735980        1.7621130547897157E-002   0.0000000000000000     
  0.95500001218169928       -1591.0499505280509       0.36379386248532147        0.0000000000000000     
  0.95000001229345798       -1665.7912283060259       0.30706950416545364        0.0000000000000000     
  0.94500001240521669       -1624.4976262795858       0.23476699876984120        0.0000000000000000     
  0.94000001251697540       -1568.2188844187428        6.6726871459170764E-002   0.0000000000000000     
  0.93500001262873411       -1567.2713198496635        1.8970906919887613E-002   0.0000000000000000     
  0.93000001274049282       -1646.1233805588301       0.28212454886374139        0.0000000000000000     
  0.92500001285225153       -1658.2820916205503        6.3813030621824557E-002   0.0000000000000000     
  0.92000001296401024       -1656.8863525880195       0.18241615572523187        0.0000000000000000     
  0.91500001307576895       -1602.0337090401008       0.13866848841923021        0.0000000000000000     
  0.91000001318752766       -1609.5944730074718        5.2560863610926302E-002   0.0000000000000000     
  0.90500001329928637       -1645.3473835947639        5.7972559418470584E-002   0.0000000000000000     
  0.90000001341104507       -1607.4360264684592        5.0455375365838932E-002   0.0000000000000000     
  0.89500001352280378       -1665.6745225120958        8.3730627893956092E-002   0.0000000000000000     
  0.89000001363456249       -1641.1555613908540        9.6218437699989987E-002   0.0000000000000000     
  0.88500001374632120       -1698.5373297551942        1.5750842629088692E-002   0.0000000000000000     
  0.88000001385807991       -1633.2517344371975       0.23208459863013139        0.0000000000000000     
  0.87500001396983862       -1648.6578298336924       0.25703745065620698        0.0000000000000000     
  0.87000001408159733       -1687.9247238831622       0.12833736910787860        0.0000000000000000     
  0.86500001419335604       -1667.9470149656129       0.18128054942005470        0.0000000000000000     
  0.86000001430511475       -1657.1832529065334       0.13694357150807229        0.0000000000000000     
  0.85500001441687346       -1652.6930454260760       0.31336760058090213        0.0000000000000000     
  0.85000001452863216       -1729.1584249656082       0.26344061095053661        0.0000000000000000     
  0.84500001464039087       -1682.0919647384205       0.41623875710249547        0.0000000000000000     
  0.84000001475214958       -1694.5200153155545       0.32565751464909543        0.0000000000000000     
  0.83500001486390829       -1667.4694677081511       0.24443408743632369        0.0000000000000000     
  0.83000001497566700       -1706.5634287683838       0.30238959402510757        0.0000000000000000     
  0.82500001508742571       -1734.9636562048154       0.24478483759837522        0.0000000000000000     
  0.82000001519918442       -1684.1294258622063       0.13451145783723029        0.0000000000000000     
  0.81500001531094313       -1700.1924580871435        9.1316178013970517E-002   0.0000000000000000     
  0.81000001542270184       -1722.3833521658833       0.12303027963327791        0.0000000000000000     
  0.80500001553446054       -1741.7679140500968       0.16638265752249198        0.0000000000000000     
  0.80000001564621925       -1721.3280190273022       0.17665082890579503        0.0000000000000000     
  0.79500001575797796       -1766.1879327146214       0.11086100885541257        0.0000000000000000     
  0.79000001586973667       -1738.6425654347129       0.11296954465891229        0.0000000000000000     
  0.78500001598149538       -1758.2254494258525       0.18682188503268748        0.0000000000000000     
  0.78000001609325409       -1734.3934967440143        5.3181018786563304E-002   0.0000000000000000     
  0.77500001620501280       -1755.5845586338751       0.32938208993574569        0.0000000000000000     
  0.77000001631677151       -1786.9099050509926       0.29628968842296566        0.0000000000000000     
  0.76500001642853022       -1763.3200682305926       0.13512995451534532        0.0000000000000000     
  0.76000001654028893       -1792.6980070371142       0.12449105860337843        0.0000000000000000     
  0.75500001665204763       -1759.9321834006150       0.18415920272595787        0.0000000000000000     
  0.75000001676380634       -1801.0132103464980       0.16695634622936378        0.0000000000000000     
  0.74500001687556505       -1787.8204911297012       0.16675911100876273        0.0000000000000000     
  0.74000001698732376       -1800.5970844792314       0.30679514751744297        0.0000000000000000     
  0.73500001709908247       -1773.5128380632475       0.22620820759914606        0.0000000000000000     
  0.73000001721084118       -1761.1565223029788       0.22066537376511566        0.0000000000000000     
  0.72500001732259989       -1792.5775234003222       0.20042116309048297        0.0000000000000000     
  0.72000001743435860       -1830.0561308549043       0.17792678048307023        0.0000000000000000     
  0.71500001754611731       -1828.3534553252418        2.6948335175407241E-002   0.0000000000000000     
  0.71000001765787601       -1771.8139385125194        4.6761514363217106E-002   0.0000000000000000     
  0.70500001776963472       -1842.3135383381011        6.4609751124792697E-002   0.0000000000000000     
  0.70000001788139343       -1820.2359009957845        1.9933533954271398E-002   0.0000000000000000     
  0.69500001799315214       -1822.4805294621538        6.0438335905243168E-002   0.0000000000000000     
  0.69000001810491085       -1838.3371087191908        9.5409265589764744E-002   0.0000000000000000     
  0.68500001821666956       -1788.6136891113536        8.7936290315536639E-002   0.0000000000000000     
  0.68000001832842827       -1833.1744513912415       0.10036402641606253        0.0000000000000000     
  0.67500001844018698       -1836.0679852348912       0.10387939741319546        0.0000000000000000     
  0.67000001855194569       -1833.7382761009676        9.5429053616160817E-002   0.0000000000000000     
  0.66500001866370440       -1871.7022981797952       0.12344164783908883        0.0000000000000000     
  0.66000001877546310       -1839.7264737463686       0.11620654786454231        0.0000000000000000     
  0.65500001888722181       -1837.8082628048360        9.5758516414716333E-002   0.0000000000000000     
  0.65000001899898052       -1872.2403480144324       0.25448256342059089        0.0000000000000000     
  0.64500001911073923       -1854.4255471283925       0.10844564044362118        0.0000000000000000     
  0.64000001922249794       -1876.3930183047369       0.13072772926442991        0.0000000000000000     
  0.63500001933425665       -1862.4569271460971       0.18327727550869488        0.0000000000000000     
  0.63000001944601536       -1899.0823591159408       0.15663270975063101        0.0000000000000000     
  0.62500001955777407       -1887.5627396788864       0.13698648977622560        0.0000000000000000     
  0.62000001966953278       -1891.4906506491789       0.14458153344134930        0.0000000000000000     
  0.61500001978129148       -1863.1162337588880       0.20017236738159905        0.0000000000000000     
  0.61000001989305019       -1892.8712126300625       0.12208687756969865        0.0000000000000000     
  0.60500002000480890       -1888.4668231427868       0.17520770338987285        0.0000000000000000     
  0.60000002011656761       -1886.9124308675814       0.17200316008816274        0.0000000000000000     
  0.59500002022832632       -1879.1308832992884       0.12404660909606595        0.0000000000000000     
  0.59000002034008503       -1884.8391946525940       0.10756005915838011        0.0000000000000000     
  0.58500002045184374       -1881.4114893950323        6.0603317193146475E-002   0.0000000000000000     
  0.58000002056360245       -1899.6488127567952       0.17777206005679830        0.0000000000000000     
  0.57500002067536116       -1883.5507323803972       0.19645525288533916        0.0000000000000000     
  0.57000002078711987       -1910.5142038263634       0.15728317510133286        0.0000000000000000     
  0.56500002089887857       -1899.7621770510527        9.6915473935949986E-002   0.0000000000000000     
  0.56000002101063728       -1891.2698285446911       0.15865277056621235        0.0000000000000000     
  0.55500002112239599       -1920.8640443089828       0.18677706734350927        0.0000000000000000     
  0.55000002123415470       -1890.2985778412346       0.17813506931200043        0.0000000000000000     
  0.54500002134591341       -1928.7274226525624       0.14752309044044681        0.0000000000000000     
  0.54000002145767212       -1896.6428564212442       0.13735980678114548        0.0000000000000000     
  0.53500002156943083       -1913.8044892760715       0.17019033900125707        0.0000000000000000     
  0.53000002168118954       -1918.6876610267573       0.13684780383668241        0.0000000000000000     
  0.52500002179294825       -1945.0285717846057       0.20965293022229470        0.0000000000000000     
  0.52000002190470695       -1913.3937775153267       0.15500957805741963        0.0000000000000000     
  0.51500002201646566       -1922.2575176814648       0.17234594094210684        0.0000000000000000     
  0.51000002212822437       -1906.7382076016818       0.15529852215642576        0.0000000000000000     
  0.50500002223998308       -1941.9993364726024       0.17670195225155230        0.0000000000000000     
  0.50000002235174179       -1941.4339141078076       0.17928186003546118        0.0000000000000000     
  0.49500002246350050       -1944.2685198645052       0.16900167440261590        0.0000000000000000     
  0.49000002257525921       -1948.0413386848413       0.18858942711773333        0.0000000000000000     
  0.48500002268701792       -1953.9208597589584       0.17392170322402989        0.0000000000000000     
  0.48000002279877663       -1951.1170886866771       0.17651178823914856        0.0000000000000000     
  0.47500002291053534       -1973.3071087297058       0.20471549436743813        0.0000000000000000     
  0.47000002302229404       -1952.4911338772033       0.20402714795867968        0.0000000000000000     
  0.46500002313405275       -1972.0038423306132       0.20419633177489172        0.0000000000000000     
  0.46000002324581146       -1951.5302014439519       0.20104519233187931        0.0000000000000000     
  0.45500002335757017       -1970.6119964433985       0.14274112080053530        0.0000000000000000     
  0.45000002346932888       -1956.1315919971585       0.16820388671328129        0.0000000000000000     
  0.44500002358108759       -1965.7776482971251       0.20853581087324866        0.0000000000000000     
  0.44000002369284630       -1955.8846078322474       0.17924476463467032        0.0000000000000000     
  0.43500002380460501       -1969.4803798257101       0.16659648590784407        0.0000000000000000     
  0.43000002391636372       -1977.3203649838226       0.22001573916035430        0.0000000000000000     
  0.42500002402812243       -1992.5479897228824       0.20144367245558367        0.0000000000000000     
  0.42000002413988113       -1991.8627197498329       0.17347118048523036        0.0000000000000000     
  0.41500002425163984       -1971.6956197448894       0.17622591266709772        0.0000000000000000     
  0.41000002436339855       -1988.7221386118456       0.16505965260927657        0.0000000000000000     
  0.40500002447515726       -1978.6768258698287       0.10354797640883487        0.0000000000000000     
  0.40000002458691597       -1981.1391238608801       0.10903330964802878        0.0000000000000000     
  0.39500002469867468       -1998.6355920589729       0.16712112367154572        0.0000000000000000     
  0.39000002481043339       -1987.9280361964097       0.20465200066312664        0.0000000000000000     
  0.38500002492219210       -1988.2332353288969       0.18511082291790781        0.0000000000000000     
  0.38000002503395081       -1983.2061068562432       0.15916291990106443        0.0000000000000000     
  0.37500002514570951       -2011.8751494014102        9.8477385913904383E-002   0.0000000000000000     
  0.37000002525746822       -1995.0716554441633       0.19569182300607718        0.0000000000000000     
  0.36500002536922693       -1989.2922179741784       0.20867717914651807        0.0000000000000000     
  0.36000002548098564       -2001.0703153161326       0.22496955459186041        0.0000000000000000     
  0.35500002559274435       -1995.7524237984667       0.19334027562168424        0.0000000000000000     
  0.35000002570450306       -2015.3062827665065       0.13572049382994758        0.0000000000000000     
  0.34500002581626177       -2005.2506779060341       0.18163882537499992        0.0000000000000000     
  0.34000002592802048       -2011.7088091840951       0.13698437751722156        0.0000000000000000     
  0.33500002603977919       -2018.7507725922865       0.19429243960577985        0.0000000000000000     
  0.33000002615153790       -2020.0987499906557       0.18977529852909261        0.0000000000000000     
  0.32500002626329660       -2016.1360494139765       0.11123291205735067        0.0000000000000000     
  0.32000002637505531       -2029.6203720169292       0.16240804252401847        0.0000000000000000     
  0.31500002648681402       -2030.4778531556244       0.13447698446510312        0.0000000000000000     
  0.31000002659857273       -2024.5473615991766       0.13722135361603194        0.0000000000000000     
  0.30500002671033144       -2032.5600908156366       0.15682312970564860        0.0000000000000000     
  0.30000002682209015       -2028.4014846724883       0.15200925446148753        0.0000000000000000     
  0.29500002693384886       -2031.2836968213840       0.22267151797059889        0.0000000000000000     
  0.29000002704560757       -2031.0418658459976       0.15159897977354067        0.0000000000000000     
  0.28500002715736628       -2038.5702086315750       0.12652093202400491        0.0000000000000000     
  0.28000002726912498       -2035.2239989182224       0.17358158467755777        0.0000000000000000     
  0.27500002738088369       -2041.5190673588434       0.23378584029312963        0.0000000000000000     
  0.27000002749264240       -2042.9831602022243       0.18908214988819644        0.0000000000000000     
  0.26500002760440111       -2048.7286606568769       0.15350754777446554        0.0000000000000000     
  0.26000002771615982       -2047.0161629597617       0.14106284046181758        0.0000000000000000     
  0.25500002782791853       -2045.7208588376755       0.15402650580798555        0.0000000000000000     
  0.25000002793967724       -2048.7273246200657       0.16148861786976471        0.0000000000000000     
  0.24500002805143595       -2051.1729736867301       0.15852237362767793        0.0000000000000000     
  0.24000002816319466       -2049.9178252387392       0.19238073395340405        0.0000000000000000     
  0.23500002827495337       -2052.3378116263775       0.18461499793821221        0.0000000000000000     
  0.23000002838671207       -2052.7152879919081       0.15028924490291487        0.0000000000000000     
  0.22500002849847078       -2061.2331261542163       0.16354429831996639        0.0000000000000000     
  0.22000002861022949       -2058.7883842483893       0.15465978294375660        0.0000000000000000     
  0.21500002872198820       -2054.3090548890027       0.11841066905043755        0.0000000000000000     
  0.21000002883374691       -2058.5858942085738       0.14702438539521309        0.0000000000000000     
  0.20500002894550562       -2066.3351981391415       0.16583389565334428        0.0000000000000000     
  0.20000002905726433       -2065.7886976425666       0.13264165322881633        0.0000000000000000     
  0.19500002916902304       -2061.3983551411538       0.10873915703030550        0.0000000000000000     
  0.19000002928078175       -2068.5463547494678       0.22336952470489455        0.0000000000000000     
  0.18500002939254045       -2065.8923394817025       0.19750164666147976        0.0000000000000000     
  0.18000002950429916       -2073.3293278801152       0.20817890382810597        0.0000000000000000     
  0.17500002961605787       -2077.0031810871142       0.11263418923690635        0.0000000000000000     
  0.17000002972781658       -2074.0746743373656       0.13881508652708813        0.0000000000000000     
  0.16500002983957529       -2076.9797916171970       0.12737507061976056        0.0000000000000000     
  0.16000002995133400       -2078.2427569200959       0.17078580636573024        0.0000000000000000     
  0.15500003006309271       -2081.1444649489363       0.18290563233949336        0.0000000000000000     
  0.15000003017485142       -2081.4187937477777       0.18641571429965209        0.0000000000000000     
  0.14500003028661013       -2088.3275179885327       0.16377417482469811        0.0000000000000000     
  0.14000003039836884       -2084.7306081790543       0.19468952313482571        0.0000000000000000     
  0.13500003051012754       -2085.3329672605332       0.21039791566108362        0.0000000000000000     
  0.13000003062188625       -2091.8113526674115       0.18706988578522415        0.0000000000000000     
  0.12500003073364496       -2091.0804937533198       0.22095207053415844        0.0000000000000000     
  0.12000003084540367       -2091.9410832805229       0.17113909884719405        0.0000000000000000     
  0.11500003095716238       -2096.2480564180369       0.13690378257549274        0.0000000000000000     
  0.11000003106892109       -2095.4970628164556       0.13201693642167983        0.0000000000000000     
  0.10500003118067980       -2099.3979057164142       0.19449230259438949        0.0000000000000000     
  0.10000003129243851       -2098.8782292745682       0.15651930317068530        0.0000000000000000     
   9.5000031404197216E-002  -2100.5444470056582       0.20233126472259128        0.0000000000000000     
   9.0000031515955925E-002  -2100.7893652334146       0.18678551460330123        0.0000000000000000     
   8.5000031627714634E-002  -2104.8545443759508       0.16814509992187454        0.0000000000000000     
   8.0000031739473343E-002  -2105.7579568217029       0.19428980835272538        0.0000000000000000     
   7.5000031851232052E-002  -2106.4679461733463       0.21081157159969480        0.0000000000000000     
   7.0000031962990761E-002  -2108.9380103004378       0.21902296413083625        0.0000000000000000     
   6.5000032074749470E-002  -2110.4071023589554       0.21870667203696909        0.0000000000000000     
   6.0000032186508179E-002  -2110.9781975126743       0.23010440762056741        0.0000000000000000     
   5.5000032298266888E-002  -2111.5897296220919       0.22631986149067482        0.0000000000000000     
   5.0000032410025597E-002  -2114.2656700045186       0.21492706436143966        0.0000000000000000     
   4.5000032521784306E-002  -2116.7738473003737       0.21883672236757978        0.0000000000000000     
   4.0000032633543015E-002  -2117.6375882072794       0.23073438303793548        0.0000000000000000     
   3.5000032745301723E-002  -2119.4438636112118       0.17984695082541549        0.0000000000000000     
   3.0000032857060432E-002  -2120.9593897276777       0.19570035423858922        0.0000000000000000     
   2.5000032968819141E-002  -2122.1136245782136       0.15284138668325908        0.0000000000000000     
   2.0000033080577850E-002  -2123.8875446805964       0.15666817799494631        0.0000000000000000     
   1.5000033192336559E-002  -2125.0000808021518       0.16840739421537013        0.0000000000000000     
   1.0000033304095268E-002  -2126.1311098378542       0.16852447404117768        0.0000000000000000     
   5.0000334158539772E-003  -2127.2411197753254       0.15678261446687924        0.0000000000000000     
